   996.11       300.515       18.2577
    78.11       300.885       17.8958         0.000         0.000
   174.76       301.253       17.5448         0.000         0.000
   292.87       301.614       17.1178         0.000         0.000
   436.81       302.037       16.5443         0.000         0.000
   612.08       302.661       15.5630         0.000         0.000
   825.30       303.509       14.2466         0.000         0.000
  1084.56       304.533       12.9040         0.000         0.000
  1399.41       305.790       11.5943         0.000         0.000
  1781.23       307.244       10.3442         0.000         0.000
  2243.42       309.047        8.9569         0.000         0.000
  2802.02       311.523        7.3313         0.000         0.000
  3475.85       314.668        5.7407         0.000         0.000
  4285.24       318.348        4.3294         0.000         0.000
  5245.73       322.787        2.9884         0.000         0.000
  6355.09       327.811        1.8245         0.000         0.000
  7585.24       332.582        1.0768         0.000         0.000
  8892.87       336.594        0.5969         0.000         0.000
 10240.98       339.816        0.2323         0.000         0.000
 11609.32       342.722        0.0723         0.000         0.000
 12991.66       346.837        0.0213         0.000         0.000
 14389.46       353.259        0.0070         0.000         0.000
 15813.69       365.802        0.0032         0.000         0.000
