  1008.47       302.007       18.5282
   110.20       301.189       17.8801         0.000         0.000
   188.43       301.165       17.7815         0.000         0.000
   285.10       301.144       17.7091         0.000         0.000
   403.12       301.133       17.5986         0.000         0.000
   546.81       301.294       16.8902         0.000         0.000
   721.59       301.604       15.8782         0.000         0.000
   934.05       302.295       14.4892         0.000         0.000
  1192.43       303.737       12.4522         0.000         0.000
  1506.77       305.935       10.2112         0.000         0.000
  1888.83       308.071        8.6440         0.000         0.000
  2352.13       310.299        7.4696         0.000         0.000
  2912.66       312.895        6.3312         0.000         0.000
  3589.07       315.991        5.1871         0.000         0.000
  4401.70       319.722        4.0290         0.000         0.000
  5366.19       324.171        2.9169         0.000         0.000
  6480.45       329.312        1.8841         0.000         0.000
  7716.99       334.503        1.0471         0.000         0.000
  9031.89       338.358        0.5595         0.000         0.000
 10386.31       341.126        0.2541         0.000         0.000
 11759.60       343.757        0.0787         0.000         0.000
 13143.93       346.660        0.0219         0.000         0.000
 14537.75       351.341        0.0062         0.000         0.000
 15950.45       361.979        0.0023         0.000         0.000
