  1009.80       300.947       18.1533
   121.62       300.415       17.3031         0.000         0.000
   199.62       300.385       17.1596         0.000         0.000
   296.01       300.358       17.0559         0.000         0.000
   413.66       300.342       16.9104         0.000         0.000
   556.92       300.555       15.9964         0.000         0.000
   731.19       300.972       14.6275         0.000         0.000
   943.04       301.650       13.2633         0.000         0.000
  1200.62       302.836       11.7917         0.000         0.000
  1513.74       304.610       10.0857         0.000         0.000
  1894.19       306.880        8.3603         0.000         0.000
  2355.84       309.496        6.7044         0.000         0.000
  2915.06       312.629        5.0661         0.000         0.000
  3590.84       316.208        3.6447         0.000         0.000
  4403.55       320.161        2.5657         0.000         0.000
  5368.62       324.635        1.7548         0.000         0.000
  6483.41       329.542        1.0806         0.000         0.000
  7719.01       334.010        0.5968         0.000         0.000
  9030.53       337.239        0.3508         0.000         0.000
 10379.78       339.699        0.1881         0.000         0.000
 11748.20       342.784        0.0584         0.000         0.000
 13129.66       346.227        0.0183         0.000         0.000
 14523.80       351.973        0.0061         0.000         0.000
 15941.97       364.161        0.0028         0.000         0.000
