  1008.20       302.030       19.2565
   107.89       301.303       18.6012         0.000         0.000
   186.18       301.279       18.4898         0.000         0.000
   282.94       301.261       18.3981         0.000         0.000
   401.05       301.264       18.2379         0.000         0.000
   544.86       301.496       17.3120         0.000         0.000
   719.82       301.911       16.0714         0.000         0.000
   932.56       302.750       14.4804         0.000         0.000
  1191.32       304.105       12.7765         0.000         0.000
  1505.95       305.874       11.1883         0.000         0.000
  1888.07       307.820        9.8468         0.000         0.000
  2351.31       310.033        8.6264         0.000         0.000
  2911.76       312.651        7.3987         0.000         0.000
  3588.10       315.785        6.1412         0.000         0.000
  4400.62       319.506        4.8481         0.000         0.000
  5364.94       323.980        3.5557         0.000         0.000
  6478.90       329.129        2.2535         0.000         0.000
  7714.71       334.185        1.2092         0.000         0.000
  9028.27       337.939        0.6102         0.000         0.000
 10381.42       340.903        0.2509         0.000         0.000
 11754.27       343.764        0.0774         0.000         0.000
 13139.19       346.956        0.0219         0.000         0.000
 14535.03       352.075        0.0064         0.000         0.000
 15950.85       362.822        0.0025         0.000         0.000
