  1009.90       300.938       18.2611
   122.51       300.473       17.3524         0.000         0.000
   200.52       300.442       17.1974         0.000         0.000
   296.93       300.416       17.0863         0.000         0.000
   414.61       300.398       16.9395         0.000         0.000
   557.89       300.551       16.2213         0.000         0.000
   732.18       300.986       14.7723         0.000         0.000
   944.04       301.586       13.4348         0.000         0.000
  1201.58       302.764       11.8245         0.000         0.000
  1514.54       304.354       10.2417         0.000         0.000
  1894.61       306.457        8.5448         0.000         0.000
  2355.67       309.093        6.7044         0.000         0.000
  2914.37       312.515        4.7201         0.000         0.000
  3589.98       316.331        3.1739         0.000         0.000
  4402.82       320.297        2.2131         0.000         0.000
  5367.95       324.651        1.5232         0.000         0.000
  6482.14       329.248        0.9385         0.000         0.000
  7715.73       333.255        0.5251         0.000         0.000
  9023.97       336.337        0.3001         0.000         0.000
 10370.48       339.258        0.1417         0.000         0.000
 11738.30       342.954        0.0494         0.000         0.000
 13121.54       346.963        0.0178         0.000         0.000
 14519.14       352.980        0.0064         0.000         0.000
 15941.34       365.190        0.0030         0.000         0.000
