   882.68       302.687       14.2381
   138.94       292.690       14.0717         0.000         0.000
   214.85       293.250       13.6815         0.000         0.000
   308.84       293.818       13.2816         0.000         0.000
   423.79       294.473       12.8299         0.000         0.000
   564.06       295.288       12.3077         0.000         0.000
   735.11       296.309       11.7129         0.000         0.000
   943.57       297.583       11.0569         0.000         0.000
  1197.57       299.170       10.3105         0.000         0.000
  1506.77       301.059        9.4699         0.000         0.000
  1882.71       303.283        8.4618         0.000         0.000
  2338.92       305.671        7.3964         0.000         0.000
  2891.22       308.416        6.1685         0.000         0.000
  3557.48       311.067        5.1263         0.000         0.000
  4357.86       315.162        3.6486         0.000         0.000
  5308.87       319.949        2.1952         0.000         0.000
  6407.70       324.745        1.2483         0.000         0.000
  7626.20       329.572        0.7263         0.000         0.000
  8923.49       334.396        0.4021         0.000         0.000
 10265.41       338.918        0.1775         0.000         0.000
 11632.48       342.917        0.0637         0.000         0.000
 13016.09       347.186        0.0204         0.000         0.000
 14415.17       353.504        0.0068         0.000         0.000
 15840.03       366.022        0.0032         0.000         0.000
